iroot=2 icross=1 ioutci=1 kci=5 ncigrd=1 +
movo=-4 ici1=1 ici2=1 nciref=1 +
mciref=0 levexc=2 +
nsav15=3 idiis=10 jop=-2 ipubo=1 nprint=-1 iscf=5 kitscf=200 iplscf=5 iop=-6 +
ifast=2 igeom=1 ktrial=11 kharge=1 iform=1 imult=2 ifermi=21000
 
 
   8        1.250193717029  1        2.996148754068  1        1.323171554954  1
   8        0.772885545180  1        0.994170748830  1        2.009883792076  1
   7       -1.985407415463  1       -0.388578840213  1        0.868690399583  1
   7       -1.732464725962  1       -2.157644735081  1       -0.854957489024  1
   6       -2.182453471074  1        1.119404035450  1        0.852357311173  1
   6       -1.952396344704  1        1.600497668224  1        2.199732969159  1
   6       -1.945877504469  1       -1.218172210495  1       -1.571779767897  1
   6       -0.863828389857  1       -1.231749259556  1        0.646725591783  1
   6       -0.942782813975  1        2.397435558570  1        2.894524589082  1
   6        0.606083779096  1        2.093552918904  1        2.024359692868  1
   1       -2.746561927110  1       -0.926048746528  1        1.257512518206  1
   1       -2.818055982235  1        1.630357064906  1        3.034528478931  1
   1       -1.690039985353  1       -0.693593426243  1       -2.310025232001  1
   1        0.260259892024  1       -1.730017519059  1        1.157391429923  1
   1       -1.172361850768  1        2.398064720915  1        4.142149445073  1
   1        1.255725323546  1        3.787375514261  1        0.732638066482  1
 0
 2
